$ANSIBLE_VAULT;1.1;AES256
38313764303139306538653766373863386331656334643065383038326637386563333832396566
6239383064373035666365333661613464383938353030620a326435383066343431643636343031
34353534353466333337376631303036396638366566646536656134313836363061626662363235
3832356538346462380a616561383931333739663933323131363330343837653335666532353134
33346633623766346136373566313765336335326639303736393438643230333266623666613831
36353934643636366536636563386435663836633634316238326561633761303139316437373536
37363337386139366462353433363235613230343764353334396239386436623635346434613432
66613766376334373631316366613066383462333336376539303136366330323638356439346631
38666539316166633536353330316239326337303761313133383834646334353462303665313230
37623334623134613139363632626165633832656630616463626535633364306331303232366365
66356231343061656466333030633830633261376364646637383437663634343636356564616566
32616231623665346632646166386335393533326462356137653834623431633530323831643766
62356161633464303634323730643035353532636637303762303861306237663662386562323764
38363331303135383163656165626130656263306462646236323235313462373961396638363862
34653435376339666637663462653462393963363532376462393331643731383738393463343939
34353138623163393032353231636434616266383637363361366161653638393738383637653439
38356265613332333632666566333631393535623264623561656439333132643436343835343235
66613132623638626364356666653866616361613964303362373237386634393133636533363538
62663137353430393031313435363462643866376337343731383837623038346231646536326137
31356261393638363338393431323162353937373531353638363130396664333933306464393037
37316633346436633864346136393062636530323436623831383336373338643435643561326331
34363532313861666635633361303035646166383735316137656561393766313932373834623061
66633066343761346437666363613434343164343364376162303665613965303732313234346565
36373437646532633530366436353339396166333130366164633338396264626637373036346563
66316566353834663063633530303763343635333735333339613466646564353033316432383262
61303531636333613366323663626466326439653833643234343430633831376666656532346464
64376564356563383431333831663035613166333464373461313135633736363761303965363139
31363762313233343036383237373463373834323836646162616333326163303665353336346434
61386663633938613961313033633534333638643030356436616634373331336562626439363130
35623931306661616431663136633864626432653763343831633134643736323337616333653962
63323432623538633635343439633236343735353836643933636235653435333564393737623962
30313231323538663834633539333363653866343063633261386339336563323234303936613264
63656637326231306630336463316632336163316136613335613166363961323465623866643033
31653339393931303933623736663537663565626636323339383233333866653965356164366632
66616336383730663238323538316662336235363065616136303338393134333766373534623533
37623539366437613938326532646533363730336562366131363331646434633536636331356262
34393339383035616234303934653639366130353966613433333732326532363532353037366530
64633863623030323430656663386133333431303761393061316535616163313636643865333334
38383137646130623633326665303436373365386533353163653532313238336530626631336233
32393463356631303338343433323236386532336230336330393862373739373139643164373336
65336439356665366435353436343662333238303162666462333163396336363831636266353239
34663963346535373434333863383535323137323735393830646634323433636138383061323264
65376434356339616337636534613135316363626166343866393835373139326135616136343966
37613363623339633566386162343864343763616430343430656630666437633737333038333830
39396566663764346163623162626664396463373464343037626234613066613565313639636463
35616161663766666137386632336632396465613630366665653535313738306632316565626139
38363134323233663337653464373631663034316466393335643561623330646430303034366330
66366162393564316532633636316135666135363033656361363935396639323030343236613765
66633330346462343364326332616631623838373636613334656137653331643730353139303137
32353834313566663638396639613365313333326162633536363234333165396138353832643832
63386139653666313763323962613430643035393936363134383637626466313935363031306463
64623739313962366535396161623666303561633834336665386433613362656338313031306531
30376632316131653135646139323336393134616333303933316366306430303766343161643039
33626533623663366437356636303934663366366630663833373561303862313031383930373466
61633031623639316139396365303037653361326262333466356438373131306261333965613962
31356461393638366364343562346662366235623430343736353839323036303335316365613363
31666162323162663366393664373632313962303534353237333434346633663436323537626565
30666161333361343535363063643634626466346332373363353134613138376463633037343963
39326635383833663838303139336630623133343535653533313063333636663430616537663830
33633238373035663633393831333832666366386335366263393837343037393938613262393165
63656566383639663131653361383664643463393664623531353266343063636663383336356435
37613261303366653538323465336634666538383962396466633733396635376638386161313436
35336666633563613332333337356563346563313235396338366633376132393134643135333365
66346439376264326333313037663066363730343765613438653138636666613436376632643835
66643632366539333466623566656533396637323861623731336630323930633734383839643136
66663965653664616631383163643132616230356437373435626262323261656231663763383630
63636438646563633861363364353561323166636234313233356237376463666466346635306230
36363832363033633662343933353865393232323732353563663034376632303764386430643361
39626439353438323064333566613334333233626235613364663535353531393333623036376561
36646238393363353165626336393230366263393464376466343338333638363937626533653233
63323439663635643137366239356565343632393765316265646161316630336230653833386332
62306632643566386532333063363339643663346633363631356337636163353965383262326234
30343031323637333530383235363563366430656361636633643830323230313232323830366439
65643838386563356234313165653666376439353135393534396366646261306130373330343537
62646363663638323834626339656135346364626537343664386138393263316337386639393430
31383536613631633336616433323738396639356134353132303336313363333439643839653466
30366534383662363663373938333266363633653031643237623966646133343437653531333939
65656331653465623637396163656433643535303062393339383164653861643136646534313363
34656164343233653064353532613862323238626430326633376135653230633561336530656638
37636437646439626138373136373031616630323436663937626132653333373039363037613839
32363838353730663939323164316233303434383037333930313164306163356333373436363863
62363532316436376338323765303730356536656565653733363039343366373335323838333564
66353534666162336633616639393538666534393862343366636232663338343462316432636136
64346336363935616537386263303434663061636233323239616266356639626461633435653832
35383561326336396263353130313531653663616238343164333531623234393235623761633563
37306562396434343736313265353534663164643633653861393039353662666264366632333035
34633630303662663964623162383061313561396237646466326538333235333235333463393663
63376665323639633233333031646439373231626535306561613264373934636338316533306164
66653164373439343362306433613035643631616161376631613139333636613263623266663365
39623433636366373033646364303730353133343036373835333135353332613337316562646165
39353530613534373336333162643063396339656630346632623162326461316464653065363738
36306336646331376231316461306336313439323131363038633033303966306164356466653432
35386665323764363762313963623061643431656237633365373631346266636135383738626335
31626263636266383133363833373939323730373639373935643738353037356465346166323131
63643031623063353734326261623833383932326330373462396230353539353862616133353062
33323364343961313836616237666362306537336438343866653438316538636363336131323834
34393439623037313738343263316132356163313531366135666539316135616433306532343464
65346630353135396331616666376362633038616265383937323836353136646632353735323735
63653264643839623833373739333632383335663664316561613865623662336235323331393335
32346263306335366461653333616136366238633831336338393738633131386633396435633535
63363634643536346231616665646265636162643833396130363865646132366238306331363331
39363333363663363363303432306237333538353137333537316437633039363262323635363661
66363233663438653861323034663230373435613063326565396665346465383835373232633263
39333031613664313439633765383932346439333566633865666436666665643639326435323235
65376431666464643362396362653661613665373261353765303539643339653632623264613436
30616530623830363130376638383335653762613063353830336338326263613463383434616137
39643162623638643863393035646130346161656262656433363034616263623762363338303539
39666531646466626162343036303633306566373035326239373761636539363663343262396335
32313035623462323536383931336436336464633364353738373939383463393534336538633738
62346164323632383539336563353036666433623938653535323632313637663839383637356566
34616333666266353031376163353464623563646336656232316531396464663736373763633735
30626363613931346238343031323734636562666661303939353862343936303039356430346435
66376665363532356530336331333632643239366630336434353066623634643131626336333233
30373334326439623065386439333766356564653634313234313132326338626666363463343138
63646364363234663038366663343630643161366334343861313761363663383862383831366333
62636534396165323736343133346237633331363636646638653630393464663262653562346165
65653236626335613435393436313433386539623563343666393861376362613834663131383762
37653637613230663439636163323932343136633161326262333534393162303661343035653765
62616465653864386435623464646366646562356663333439343530623038643864373233376163
31626363626330376265653433393166336564396137343933363437386231646630633235356638
30313162356239313235323132333231633065356365376134616161383737303730383437346366
35653936313833323962346134336561303738393063626665363139663038326461646530363333
63373938313630643134346633323965383637633034333761303633373539396436626463623431
61646430313465306165303238303337313031666662383635343866666464373234613936633563
61623464616465383366366537646636396232633138376237343734383632383130643236326633
66333464613236343130333363633565343266323966613764653565356163336330396535336563
36623634653632616132653034333436383632326361336332353066306431316338393032316566
39373863393933653236623134373531356463313334386436333537373039313636336333626636
36396531323939613732643161366165333535323262313833313436393535663066633064343662
63383033613434333165633237396133643339336561623634653663353839353334323436323863
62323966346265373138396535363066363762613564356235623932323862313231323764326361
31623263666162386132646261633839323131303661636237633035366637326334326139333136
37303039643863313734623633373062363865393863323038653662633236633863333032303463
62613537336366346538303862333764393735303061326339306432396537376539396665323334
663863613137666236353039353230653732
